0 0.963646 0.944618 0.051338 0.035021
0 0.671956 0.898451 0.080502 0.064646
0 0.214318 0.897624 0.073374 0.089261
0 0.638087 0.810649 0.060307 0.052343
0 0.043786 0.717082 0.083718 0.084738
0 0.593981 0.598440 0.091986 0.081189
0 0.464944 0.592343 0.057160 0.051888
0 0.634107 0.503259 0.099889 0.072159
0 0.024219 0.489185 0.048437 0.054667
0 0.896623 0.483346 0.058534 0.063340
0 0.490817 0.390079 0.075832 0.071112
0 0.613419 0.093961 0.097788 0.099003
0 0.236888 0.038603 0.086818 0.077205