0 0.895212 0.368902 0.055509 0.054309
0 0.863629 0.188665 0.059525 0.047826
0 0.411282 0.982823 0.067181 0.034354
0 0.337912 0.891045 0.094079 0.084502
0 0.354674 0.659956 0.082127 0.085354
0 0.644620 0.926325 0.091496 0.115787
0 0.934498 0.610800 0.073361 0.078178
0 0.304857 0.545567 0.065177 0.042613
0 0.463646 0.444618 0.051338 0.035021
0 0.171956 0.398451 0.080502 0.064646
0 0.138087 0.310649 0.060307 0.052343
0 0.093981 0.098440 0.091986 0.081189
0 0.134107 0.019669 0.099889 0.039338