0 0.927348 0.834019 0.041413 0.039377
0 0.135864 0.822092 0.068214 0.040308
0 0.766413 0.817623 0.065995 0.071183
0 0.034859 0.791603 0.069717 0.103805
0 0.873548 0.705907 0.037168 0.036373
0 0.929176 0.703991 0.045069 0.060963
0 0.653773 0.696480 0.054964 0.051110
0 0.528103 0.632813 0.116275 0.101170
0 0.739867 0.592308 0.043698 0.039138
0 0.503765 0.444785 0.096022 0.069660
0 0.832355 0.431272 0.096896 0.084566
0 0.452202 0.286576 0.136946 0.139787
0 0.597286 0.201437 0.104130 0.122992
0 0.656864 0.120812 0.088924 0.096102
0 0.525196 0.068239 0.094312 0.088987
0 0.384705 0.056451 0.060061 0.073318