0 0.883729 0.954435 0.053253 0.050966
0 0.624231 0.899561 0.109169 0.093127
0 0.395212 0.868902 0.055509 0.054309
0 0.758017 0.742703 0.058765 0.059006
0 0.363629 0.688665 0.059525 0.047826
0 0.732713 0.680551 0.072913 0.078107
0 0.639346 0.534262 0.077386 0.062003
0 0.827116 0.413704 0.061469 0.062479
0 0.543807 0.400229 0.094312 0.080340
0 0.361967 0.374391 0.043280 0.038225
0 0.502788 0.294614 0.075579 0.055255
0 0.639144 0.284163 0.045976 0.047570
0 0.400407 0.221161 0.104657 0.099854