0 0.417357 0.951369 0.091910 0.097262
0 0.100094 0.929869 0.038758 0.048185
0 0.362285 0.741418 0.134215 0.170878
0 0.101377 0.726864 0.061994 0.069420
0 0.484595 0.779272 0.058434 0.052795
0 0.458527 0.596739 0.056587 0.062788
0 0.385679 0.517870 0.071092 0.093673
0 0.058660 0.517008 0.089425 0.063527
0 0.172340 0.465270 0.088841 0.068572
0 0.217063 0.310188 0.116275 0.119047
0 0.346903 0.241070 0.086560 0.089606
0 0.928442 0.312494 0.127902 0.117774
0 0.875632 0.184871 0.092046 0.107787