0 0.733195 0.941018 0.085287 0.079050
0 0.331924 0.884973 0.099190 0.097187
0 0.586163 0.818292 0.117825 0.117578
0 0.385731 0.753466 0.081185 0.084189
0 0.555725 0.674552 0.121442 0.101939
0 0.425885 0.568614 0.138238 0.083976
0 0.754038 0.565384 0.091728 0.096193
0 0.261943 0.444989 0.110085 0.074443
0 0.709843 0.376242 0.052431 0.060974
0 0.149143 0.297276 0.092260 0.058073
0 0.644709 0.287291 0.082365 0.089780
0 0.431698 0.281159 0.098188 0.098187
0 0.493214 0.163138 0.084273 0.107612
0 0.267622 0.020854 0.118859 0.041707