0 0.870468 0.968947 0.091891 0.062106
0 0.066616 0.941924 0.131282 0.116152
0 0.614070 0.836615 0.112993 0.109814
0 0.899875 0.723159 0.107803 0.094780
0 0.634651 0.654841 0.130307 0.100255
0 0.035827 0.638868 0.071653 0.097094
0 0.021292 0.557919 0.042583 0.069557
0 0.200451 0.528308 0.119892 0.100137
0 0.062324 0.454952 0.042081 0.045528
0 0.511416 0.451957 0.227492 0.131162
0 0.838024 0.444825 0.102961 0.085892
0 0.856309 0.323718 0.118859 0.105784
0 0.458490 0.259854 0.103553 0.069938
0 0.623476 0.208959 0.076950 0.079255
0 0.542126 0.112924 0.102872 0.086143