0 0.470515 0.976503 0.070416 0.046994
0 0.762744 0.945606 0.067817 0.063749
0 0.441247 0.875920 0.067693 0.064940
0 0.601100 0.775164 0.095936 0.097010
0 0.736407 0.768631 0.068887 0.063272
0 0.685409 0.683357 0.068179 0.053957
0 0.356993 0.679358 0.062485 0.065663
0 0.636103 0.587525 0.081191 0.083473
0 0.527872 0.498329 0.096244 0.099386
0 0.409468 0.388690 0.064080 0.063187
0 0.964974 0.045854 0.070052 0.064135
0 0.524761 0.339921 0.063151 0.061627
0 0.424480 0.256192 0.094103 0.096745
0 0.199788 0.033461 0.089148 0.066921