0 0.075635 0.963094 0.100255 0.073812
0 0.801567 0.919185 0.079908 0.092156
0 0.914248 0.684837 0.088224 0.093724
0 0.780500 0.643663 0.117875 0.091475
0 0.523809 0.588506 0.098015 0.092267
0 0.530355 0.455813 0.082684 0.086462
0 0.852049 0.425453 0.085268 0.047749
0 0.703863 0.400131 0.111882 0.116015
0 0.378556 0.299999 0.050379 0.050114
0 0.811041 0.182491 0.095497 0.094929
0 0.289429 0.061547 0.071791 0.080422
0 0.541725 0.035861 0.104647 0.071722
0 0.676086 0.024621 0.089144 0.049242