0 0.517692 0.969078 0.087757 0.061844
0 0.582142 0.909226 0.089530 0.094071
0 0.969675 0.774466 0.060650 0.083729
0 0.869945 0.737186 0.066739 0.071183
0 0.921787 0.528516 0.092755 0.073463
0 0.900214 0.440107 0.043409 0.050850
0 0.344594 0.417068 0.103355 0.080936
0 0.789107 0.343988 0.112657 0.074578
0 0.471204 0.268237 0.094053 0.085874
0 0.341493 0.183487 0.121959 0.133305
0 0.970261 0.128193 0.059477 0.099653
0 0.264637 0.965865 0.060698 0.064721
0 0.243718 0.822476 0.069040 0.066664
0 0.242979 0.631993 0.075068 0.061907
0 0.248885 0.551443 0.046299 0.037236
0 0.047625 0.536735 0.079939 0.069833
0 0.139623 0.366736 0.061359 0.062636
0 0.083105 0.200023 0.074416 0.063711
0 0.700840 0.107663 0.109759 0.095800