0 0.289566 0.925749 0.057006 0.049950
0 0.033894 0.862532 0.067789 0.092329
0 0.792425 0.857359 0.115938 0.084989
0 0.786780 0.697945 0.135654 0.118634
0 0.192290 0.621050 0.060896 0.073083
0 0.917357 0.455820 0.091910 0.106164
0 0.600094 0.429869 0.038758 0.048185
0 0.862285 0.241418 0.134215 0.170878
0 0.601377 0.226864 0.061994 0.069420
0 0.977689 0.279272 0.044622 0.052795
0 0.958527 0.096739 0.056587 0.062788
0 0.885679 0.032353 0.071092 0.064706
0 0.558660 0.024386 0.089425 0.048772