0 0.967653 0.976503 0.064693 0.046994
0 0.383729 0.954435 0.053253 0.050966
0 0.124231 0.899561 0.109169 0.093127
0 0.941247 0.875920 0.067693 0.064940
0 0.258017 0.742703 0.058765 0.059006
0 0.232713 0.680551 0.072913 0.078107
0 0.856993 0.679358 0.062485 0.065663
0 0.139346 0.534262 0.077386 0.062003
0 0.327116 0.413704 0.061469 0.062479
0 0.045482 0.400229 0.090963 0.080340
0 0.909468 0.388690 0.064080 0.063187
0 0.020289 0.294614 0.040577 0.055255
0 0.139144 0.284163 0.045976 0.047570
0 0.924480 0.256192 0.094103 0.096745
0 0.699788 0.033461 0.089148 0.066921