0 0.722715 0.960773 0.114724 0.078455
0 0.088747 0.869489 0.070267 0.064564
0 0.921674 0.866845 0.086818 0.092899
0 0.598142 0.816255 0.070342 0.045582
0 0.040785 0.809704 0.059612 0.069021
0 0.499468 0.705096 0.075449 0.056733
0 0.614791 0.699317 0.082850 0.049423
0 0.029391 0.554273 0.058781 0.077389
0 0.676904 0.552952 0.049975 0.050218
0 0.629752 0.501193 0.083831 0.076928
0 0.484481 0.366609 0.051678 0.046289
0 0.374338 0.295402 0.042514 0.051892
0 0.337267 0.136024 0.042241 0.041133
0 0.618430 0.082178 0.069455 0.067801
0 0.425052 0.025143 0.091986 0.050287