0 0.883729 0.454435 0.053253 0.050966
0 0.624231 0.399561 0.109169 0.093127
0 0.395212 0.368902 0.055509 0.054309
0 0.758017 0.242703 0.058765 0.059006
0 0.363629 0.188665 0.059525 0.047826
0 0.739635 0.965757 0.076423 0.068486
0 0.144620 0.926325 0.091496 0.115787
0 0.848184 0.905880 0.088101 0.083092
0 0.702070 0.905029 0.054262 0.050208
0 0.950380 0.828317 0.049608 0.046825
0 0.928230 0.672435 0.080241 0.080006
0 0.777003 0.630171 0.111107 0.095789
0 0.575956 0.612780 0.074634 0.069218
0 0.434498 0.610800 0.073361 0.078178
0 0.656852 0.525847 0.067181 0.064922
0 0.732713 0.180551 0.072913 0.078107
0 0.639346 0.034262 0.077386 0.062003