0 0.917357 0.951369 0.091910 0.097262
0 0.600094 0.929869 0.038758 0.048185
0 0.862285 0.741418 0.134215 0.170878
0 0.601377 0.726864 0.061994 0.069420
0 0.977689 0.779272 0.044622 0.052795
0 0.958527 0.596739 0.056587 0.062788
0 0.885679 0.517870 0.071092 0.093673
0 0.558660 0.517008 0.089425 0.063527
0 0.672340 0.465270 0.088841 0.068572
0 0.388817 0.367591 0.103541 0.067003
0 0.717063 0.310188 0.116275 0.119047
0 0.242275 0.282412 0.104653 0.074932
0 0.846903 0.241070 0.086560 0.089606