0 0.280619 0.970199 0.079722 0.059601
0 0.618004 0.937815 0.116275 0.088258
0 0.432732 0.862160 0.071300 0.073487
0 0.816742 0.752500 0.079658 0.053125
0 0.222481 0.769732 0.074554 0.064333
0 0.157315 0.489159 0.065148 0.065436
0 0.248768 0.380475 0.090309 0.065113
0 0.096835 0.346885 0.072349 0.043409
0 0.264271 0.236813 0.147778 0.127126
0 0.430027 0.727876 0.123178 0.109814
0 0.671445 0.527572 0.072257 0.067847
0 0.400700 0.491582 0.138496 0.125970
0 0.538162 0.481246 0.086818 0.089200
0 0.321755 0.089094 0.083962 0.096276