0 0.679885 0.962099 0.060819 0.048289
0 0.591597 0.950457 0.074416 0.099085
0 0.398696 0.915926 0.149579 0.141210
0 0.757999 0.823748 0.068214 0.081830
0 0.574853 0.751503 0.043823 0.048783
0 0.088256 0.728662 0.068214 0.071171
0 0.394188 0.670266 0.115758 0.093620
0 0.321710 0.538102 0.096896 0.077241
0 0.300238 0.454377 0.077827 0.081894
0 0.588747 0.369489 0.070267 0.064564
0 0.540785 0.309704 0.059612 0.069021
0 0.327975 0.252353 0.062915 0.044754
0 0.980872 0.205096 0.038257 0.056733
0 0.244840 0.165379 0.087852 0.059267
0 0.518731 0.054273 0.080100 0.077389
0 0.189894 0.020090 0.078732 0.040180