0 0.680217 0.973385 0.096896 0.053230
0 0.664327 0.816487 0.080617 0.071758
0 0.393350 0.702956 0.070427 0.082226
0 0.533889 0.666972 0.072446 0.076921
0 0.623630 0.576576 0.092245 0.098339
0 0.318369 0.555267 0.087901 0.096911
0 0.352939 0.444073 0.068672 0.046609
0 0.624746 0.378485 0.074321 0.075115
0 0.429839 0.373096 0.096896 0.082048
0 0.163958 0.273553 0.045218 0.043906
0 0.319960 0.207987 0.049740 0.042670
0 0.538724 0.134351 0.085475 0.080108
0 0.346350 0.091244 0.079265 0.070117