0 0.884123 0.839524 0.107321 0.090188
0 0.804624 0.746370 0.078550 0.062027
0 0.889248 0.661148 0.080363 0.084841
0 0.631504 0.863678 0.073382 0.068129
0 0.169424 0.700721 0.073391 0.074706
0 0.059120 0.669336 0.069829 0.061029
0 0.567120 0.667348 0.052104 0.047630
0 0.669284 0.594424 0.057990 0.060948
0 0.036650 0.504460 0.073299 0.070011
0 0.287374 0.494254 0.105164 0.088110
0 0.494936 0.318445 0.075265 0.072657
0 0.750879 0.314348 0.097154 0.095952
0 0.842615 0.592649 0.075982 0.055331
0 0.970010 0.441363 0.059981 0.079361
0 0.872322 0.194457 0.075449 0.093693
0 0.376259 0.304211 0.099479 0.090012
0 0.143987 0.232836 0.110368 0.107886
0 0.053920 0.074247 0.087852 0.068493
0 0.298741 0.030392 0.083972 0.060785