0 0.373107 0.978411 0.085785 0.043178
0 0.094697 0.872934 0.068480 0.070138
0 0.236596 0.862648 0.062884 0.059901
0 0.271302 0.692652 0.095087 0.062919
0 0.977414 0.671185 0.045173 0.091711
0 0.872445 0.312603 0.079470 0.061854
0 0.505363 0.628502 0.091910 0.060839
0 0.051640 0.617347 0.083654 0.069536
0 0.185517 0.376904 0.107489 0.114824
0 0.133839 0.275616 0.072349 0.058315
0 0.707392 0.261005 0.031007 0.047090
0 0.079136 0.140379 0.101438 0.107802
0 0.034899 0.038712 0.069798 0.073971