0 0.275833 0.855792 0.118859 0.133982
0 0.808150 0.911269 0.109732 0.111106
0 0.972225 0.853006 0.055550 0.103102
0 0.665472 0.726303 0.087688 0.087411
0 0.899794 0.611414 0.071148 0.063050
0 0.966993 0.546557 0.066015 0.103871
0 0.105270 0.544409 0.120151 0.122365
0 0.030995 0.276979 0.061990 0.079906
0 0.636079 0.541337 0.074902 0.074827
0 0.698431 0.444840 0.077325 0.083376
0 0.866546 0.280677 0.094570 0.101144
0 0.684382 0.137273 0.077516 0.062301
0 0.745070 0.065990 0.050060 0.066726
0 0.522570 0.065897 0.063959 0.054138