0 0.157827 0.960481 0.073838 0.079038
0 0.615721 0.939049 0.064597 0.052034
0 0.556082 0.900972 0.061594 0.053039
0 0.244220 0.834264 0.066024 0.066904
0 0.492096 0.770040 0.093823 0.096072
0 0.236537 0.689706 0.081392 0.041342
0 0.619162 0.676536 0.102486 0.093520
0 0.350227 0.554053 0.083976 0.079680
0 0.201008 0.546302 0.046510 0.038758
0 0.094271 0.491631 0.088840 0.074113
0 0.431689 0.354003 0.055520 0.055349
0 0.295602 0.334723 0.077908 0.078801
0 0.097533 0.258557 0.084855 0.086668
0 0.372716 0.172756 0.069353 0.062346
0 0.219264 0.039367 0.090601 0.066875