0 0.302697 0.969383 0.093020 0.061234
0 0.044764 0.901112 0.089527 0.099479
0 0.195619 0.723825 0.075239 0.073057
0 0.967290 0.884774 0.065420 0.099718
0 0.214845 0.614303 0.064597 0.059202
0 0.769296 0.522784 0.064248 0.065649
0 0.233578 0.386923 0.099479 0.093533
0 0.853446 0.378337 0.058913 0.039275
0 0.698325 0.336310 0.075273 0.073045
0 0.113828 0.250723 0.064105 0.069962
0 0.923211 0.244492 0.107489 0.079539
0 0.031844 0.171816 0.063688 0.069679
0 0.906157 0.064704 0.133328 0.129407