0 0.198485 0.964255 0.083843 0.071490
0 0.657827 0.960481 0.073838 0.079038
0 0.744220 0.834264 0.066024 0.066904
0 0.972592 0.770040 0.054815 0.096072
0 0.101785 0.694412 0.084751 0.084613
0 0.736537 0.689706 0.081392 0.041342
0 0.850227 0.554053 0.083976 0.079680
0 0.701008 0.546302 0.046510 0.038758
0 0.030222 0.511475 0.060443 0.084748
0 0.594271 0.491631 0.088840 0.074113
0 0.931689 0.354003 0.055520 0.055349
0 0.795602 0.334723 0.077908 0.078801
0 0.460855 0.324086 0.067305 0.067863
0 0.597533 0.258557 0.084855 0.086668
0 0.872716 0.172756 0.069353 0.062346
0 0.377988 0.103438 0.066940 0.063240
0 0.719264 0.039367 0.090601 0.066875