0 0.711761 0.886677 0.069793 0.072676
0 0.323626 0.822845 0.074888 0.075237
0 0.785944 0.723098 0.083280 0.083486
0 0.659036 0.660038 0.082167 0.069233
0 0.252029 0.551762 0.069157 0.066381
0 0.679885 0.462099 0.060819 0.048289
0 0.591597 0.451908 0.074416 0.101985
0 0.398696 0.415926 0.149579 0.141210
0 0.757999 0.323748 0.068214 0.081830
0 0.574853 0.251503 0.043823 0.048783
0 0.088256 0.228662 0.068214 0.071171
0 0.394188 0.170266 0.115758 0.093620
0 0.321710 0.038361 0.096896 0.076722