0 0.844594 0.917068 0.103355 0.080936
0 0.962089 0.768237 0.075823 0.085874
0 0.841493 0.683487 0.121959 0.133305
0 0.470515 0.488611 0.070416 0.071210
0 0.762744 0.445606 0.067817 0.063749
0 0.441247 0.375920 0.067693 0.064940
0 0.601100 0.275164 0.095936 0.097010
0 0.736407 0.268631 0.068887 0.063272
0 0.639623 0.866736 0.061359 0.062636
0 0.583105 0.700023 0.074416 0.063711
0 0.685409 0.183357 0.068179 0.053957
0 0.356993 0.179358 0.062485 0.065663
0 0.636103 0.087525 0.081191 0.083473