0 0.217567 0.874087 0.060218 0.070731
0 0.102190 0.820635 0.095604 0.077593
0 0.124297 0.576276 0.059717 0.059061
0 0.022513 0.505008 0.045025 0.089645
0 0.273947 0.368626 0.074791 0.072682
0 0.878556 0.799999 0.050379 0.050114
0 0.789429 0.561547 0.071791 0.080422
0 0.919132 0.335540 0.073924 0.075415
0 0.767600 0.223799 0.065422 0.066395
0 0.173892 0.237974 0.058137 0.054261
0 0.805406 0.156090 0.097108 0.106679
0 0.597448 0.108822 0.040309 0.035141
0 0.726410 0.064757 0.068784 0.075616