0 0.731597 0.959037 0.091728 0.081926
0 0.866886 0.953420 0.088414 0.084446
0 0.494533 0.863281 0.046497 0.046282
0 0.643100 0.833035 0.098188 0.074186
0 0.416364 0.792339 0.121986 0.095603
0 0.513459 0.611265 0.106831 0.074526
0 0.240555 0.546406 0.081107 0.067433
0 0.157827 0.461193 0.073838 0.080462
0 0.615721 0.439049 0.064597 0.052034
0 0.556082 0.400972 0.061594 0.053039
0 0.244220 0.334264 0.066024 0.066904
0 0.492096 0.270040 0.093823 0.096072
0 0.236537 0.189706 0.081392 0.041342
0 0.619162 0.176536 0.102486 0.093520
0 0.350227 0.054053 0.083976 0.079680
0 0.201008 0.046302 0.046510 0.038758