0 0.955732 0.864374 0.076067 0.075053
0 0.818644 0.854964 0.075782 0.051066
0 0.673422 0.819339 0.098388 0.114175
0 0.055279 0.600058 0.094324 0.095715
0 0.796902 0.689903 0.127902 0.127007
0 0.601819 0.672462 0.099479 0.099479
0 0.567796 0.513181 0.069339 0.067725
0 0.856845 0.452201 0.041078 0.038785
0 0.763723 0.398380 0.082215 0.081006
0 0.479694 0.328568 0.058340 0.059077
0 0.807492 0.209212 0.067043 0.066867
0 0.693632 0.172797 0.101329 0.101009
0 0.872994 0.086091 0.083323 0.085729
0 0.435517 0.169069 0.093984 0.095102