0 0.134306 0.919160 0.086705 0.057924
0 0.979321 0.866609 0.041358 0.046289
0 0.254160 0.804392 0.062567 0.066105
0 0.874338 0.795402 0.042514 0.051892
0 0.837267 0.636024 0.042241 0.041133
0 0.925052 0.506419 0.091986 0.087736
0 0.927348 0.334019 0.041413 0.039377
0 0.135864 0.322092 0.068214 0.040308
0 0.766413 0.317623 0.065995 0.071183
0 0.034859 0.291603 0.069717 0.103805
0 0.873548 0.205907 0.037168 0.036373
0 0.929176 0.203991 0.045069 0.060963
0 0.653773 0.196480 0.054964 0.051110
0 0.528103 0.132813 0.116275 0.101170
0 0.739867 0.092308 0.043698 0.039138