0 0.969424 0.894713 0.061151 0.073136
0 0.074903 0.955829 0.112836 0.088341
0 0.510958 0.953035 0.102063 0.093930
0 0.347721 0.834143 0.120151 0.123138
0 0.282040 0.634464 0.092143 0.083825
0 0.128091 0.604825 0.109815 0.089481
0 0.781497 0.228086 0.091052 0.077277
0 0.859394 0.747432 0.068473 0.047801
0 0.855628 0.642584 0.081698 0.100108
0 0.911029 0.493051 0.121392 0.085268
0 0.961005 0.200272 0.077989 0.093997
0 0.679707 0.029639 0.062039 0.059278
0 0.800915 0.032282 0.075007 0.064563