0 0.921698 0.960152 0.075606 0.079695
0 0.930714 0.792559 0.071935 0.073175
0 0.960636 0.619543 0.052711 0.052711
0 0.180217 0.973385 0.096896 0.053230
0 0.164327 0.816487 0.080617 0.071758
0 0.035056 0.666972 0.070112 0.076921
0 0.787613 0.645280 0.043086 0.039072
0 0.123630 0.576576 0.092245 0.098339
0 0.764637 0.465865 0.060698 0.064721
0 0.124746 0.378485 0.074321 0.075115
0 0.743718 0.322476 0.069040 0.066664
0 0.040731 0.134351 0.081461 0.080108
0 0.742979 0.131993 0.075068 0.061907
0 0.748885 0.051443 0.046299 0.037236
0 0.547625 0.036735 0.079939 0.069833