0 0.109229 0.894180 0.132941 0.136215
0 0.513542 0.776979 0.096896 0.079906
0 0.430858 0.725948 0.081392 0.079530
0 0.068468 0.707215 0.114718 0.113690
0 0.285514 0.658767 0.126098 0.125317
0 0.969424 0.394713 0.061151 0.073136
0 0.210407 0.510429 0.088201 0.076691
0 0.074903 0.467023 0.112836 0.110729
0 0.510958 0.457872 0.102063 0.103604
0 0.347721 0.334143 0.120151 0.123138
0 0.282040 0.134464 0.092143 0.083825
0 0.128091 0.104825 0.109815 0.089481
0 0.859394 0.247432 0.068473 0.047801
0 0.855628 0.142584 0.081698 0.100108