0 0.733578 0.886923 0.099479 0.093533
0 0.455732 0.864374 0.076067 0.075053
0 0.318644 0.854964 0.075782 0.051066
0 0.173422 0.819339 0.098388 0.114175
0 0.613828 0.750723 0.064105 0.069962
0 0.296902 0.689903 0.127902 0.127007
0 0.101819 0.672462 0.099479 0.099479
0 0.524284 0.671816 0.078808 0.069679
0 0.067796 0.513181 0.069339 0.067725
0 0.356845 0.452201 0.041078 0.038785
0 0.263723 0.398380 0.082215 0.081006
0 0.307492 0.209212 0.067043 0.066867
0 0.193632 0.172797 0.101329 0.101009
0 0.913153 0.121781 0.073240 0.078549
0 0.372994 0.086091 0.083323 0.085729