0 0.707346 0.976379 0.098871 0.047243
0 0.491508 0.893845 0.109557 0.068271
0 0.835374 0.862450 0.090337 0.088107
0 0.434154 0.692116 0.078006 0.074772
0 0.452970 0.410820 0.076363 0.059960
0 0.925881 0.734830 0.107149 0.104388
0 0.513931 0.728276 0.103198 0.105750
0 0.754437 0.620207 0.078071 0.081650
0 0.645573 0.501235 0.068818 0.091959
0 0.587044 0.420523 0.075112 0.052494
0 0.220265 0.138195 0.115844 0.082814
0 0.175091 0.023729 0.068214 0.047458
0 0.464615 0.229340 0.101547 0.104073
0 0.531039 0.158149 0.063859 0.057609
0 0.622988 0.114864 0.064818 0.071811