0 0.452970 0.910820 0.076363 0.059960
0 0.587044 0.920523 0.075112 0.052494
0 0.220265 0.638195 0.115844 0.082814
0 0.175091 0.514621 0.068214 0.065675
0 0.357254 0.475475 0.089919 0.096155
0 0.464615 0.729340 0.101547 0.104073
0 0.531039 0.658149 0.063859 0.057609
0 0.622988 0.614864 0.064818 0.071811
0 0.458413 0.340597 0.104459 0.093794
0 0.259351 0.212696 0.082943 0.085374
0 0.100945 0.166989 0.101001 0.100049
0 0.412834 0.111538 0.087594 0.111405
0 0.248455 0.071334 0.050297 0.052919