0 0.374162 0.909801 0.130486 0.133024
0 0.773947 0.868626 0.074791 0.072682
0 0.199442 0.831375 0.052354 0.047274
0 0.673892 0.737974 0.058137 0.054261
0 0.476819 0.723073 0.080205 0.086473
0 0.296646 0.671439 0.089144 0.052969
0 0.108668 0.657874 0.095604 0.062711
0 0.242354 0.649505 0.058197 0.060778
0 0.320014 0.460595 0.079035 0.067954
0 0.362535 0.369127 0.078808 0.095089
0 0.066408 0.347549 0.132816 0.066659
0 0.968365 0.393845 0.063270 0.068271
0 0.410912 0.311435 0.069624 0.069361
0 0.206818 0.197252 0.087776 0.078712
0 0.934154 0.192116 0.078006 0.074772
0 0.118358 0.135933 0.096493 0.064597
0 0.257203 0.074415 0.067105 0.094007