0 0.702194 0.970351 0.093854 0.059299
0 0.937556 0.917447 0.104647 0.106834
0 0.592222 0.796874 0.101292 0.081837
0 0.769603 0.788899 0.071057 0.068472
0 0.892619 0.679785 0.079371 0.077624
0 0.971039 0.554496 0.057922 0.100936
0 0.712178 0.407134 0.106071 0.098188
0 0.545452 0.367729 0.085268 0.087224
0 0.731683 0.287315 0.077900 0.078178
0 0.526441 0.223506 0.106675 0.097840
0 0.577750 0.171356 0.067181 0.048518
0 0.574340 0.054508 0.083615 0.082827
0 0.761675 0.030947 0.119797 0.061895