0 0.656143 0.964803 0.084050 0.070393
0 0.421698 0.960152 0.075606 0.079695
0 0.430714 0.792559 0.071935 0.073175
0 0.684271 0.722639 0.104647 0.077224
0 0.581034 0.705151 0.081113 0.076646
0 0.460636 0.619543 0.052711 0.052711
0 0.517692 0.485477 0.087757 0.094643
0 0.582142 0.409226 0.089530 0.094071
0 0.969675 0.274466 0.060650 0.083729
0 0.869945 0.237186 0.066739 0.071183
0 0.921787 0.032624 0.092755 0.065248
0 0.287613 0.645280 0.043086 0.039072
0 0.264637 0.465865 0.060698 0.064721
0 0.243718 0.322476 0.069040 0.066664
0 0.242979 0.131993 0.075068 0.061907
0 0.248885 0.051443 0.046299 0.037236
0 0.047625 0.036735 0.079939 0.069833