0 0.870008 0.933062 0.113949 0.108982
0 0.930726 0.887386 0.026621 0.032674
0 0.863032 0.826090 0.048835 0.056048
0 0.610542 0.782365 0.128508 0.116676
0 0.818604 0.704129 0.091242 0.091981
0 0.079543 0.700730 0.073745 0.041902
0 0.864116 0.550399 0.037568 0.040323
0 0.038713 0.546200 0.077426 0.080115
0 0.763294 0.524424 0.133070 0.115587
0 0.595178 0.390674 0.087852 0.072903
0 0.539472 0.330677 0.081862 0.078447
0 0.875823 0.140645 0.072420 0.072526
0 0.470711 0.119101 0.064233 0.060443
0 0.721419 0.013883 0.060685 0.027765