0 0.740194 0.951235 0.102322 0.074873
0 0.909824 0.941279 0.058263 0.060835
0 0.483421 0.894713 0.089144 0.073136
0 0.030995 0.953035 0.061990 0.093930
0 0.281497 0.228086 0.091052 0.077277
0 0.654090 0.872469 0.042901 0.049823
0 0.662140 0.773132 0.108094 0.101785
0 0.359394 0.747432 0.068473 0.047801
0 0.355628 0.642584 0.081698 0.100108
0 0.604878 0.619399 0.078923 0.074410
0 0.661666 0.549896 0.076225 0.086535
0 0.411029 0.493051 0.121392 0.085268
0 0.674585 0.392926 0.083976 0.076441
0 0.474055 0.200272 0.104089 0.093997
0 0.179707 0.029639 0.062039 0.059278
0 0.300915 0.032282 0.075007 0.064563