0 0.643500 0.983550 0.066015 0.032899
0 0.543695 0.966497 0.060713 0.067006
0 0.715915 0.861162 0.144697 0.138380
0 0.868463 0.851790 0.081849 0.100114
0 0.393800 0.837611 0.062721 0.104829
0 0.704452 0.685990 0.080430 0.084778
0 0.231178 0.666339 0.066045 0.070281
0 0.643879 0.603189 0.120518 0.127953
0 0.233078 0.602618 0.057543 0.052395
0 0.340735 0.466348 0.084751 0.086897
0 0.142164 0.411673 0.075574 0.071315
0 0.626769 0.400957 0.147949 0.140055
0 0.407399 0.372812 0.102322 0.117223
0 0.156504 0.250053 0.072021 0.072090
0 0.152659 0.099384 0.069827 0.059112
0 0.436835 0.053868 0.121918 0.107736
0 0.544212 0.045366 0.049862 0.085954