0 0.802697 0.969383 0.093020 0.061234
0 0.543017 0.901112 0.093020 0.099479
0 0.354823 0.801675 0.068040 0.055638
0 0.293027 0.760937 0.055553 0.057012
0 0.695619 0.723825 0.075239 0.073057
0 0.480447 0.715464 0.104825 0.105428
0 0.237473 0.621408 0.071057 0.070085
0 0.714845 0.614303 0.064597 0.059202
0 0.733578 0.386923 0.099479 0.093533
0 0.455732 0.364374 0.076067 0.075053
0 0.318644 0.354964 0.075782 0.051066
0 0.173422 0.319339 0.098388 0.114175
0 0.613828 0.250723 0.064105 0.069962
0 0.296902 0.189903 0.127902 0.127007
0 0.101819 0.172462 0.099479 0.099479
0 0.524284 0.171816 0.078808 0.069679
0 0.067796 0.023522 0.069339 0.047043