0 0.687628 0.974476 0.058084 0.051048
0 0.960425 0.894309 0.079150 0.071584
0 0.498355 0.864073 0.056785 0.060205
0 0.828476 0.799734 0.081392 0.062085
0 0.886496 0.695135 0.083740 0.081487
0 0.552837 0.679698 0.095984 0.073868
0 0.656004 0.582096 0.134365 0.126715
0 0.882253 0.501050 0.103677 0.098984
0 0.450375 0.490513 0.066764 0.052071
0 0.699251 0.418248 0.094249 0.052236
0 0.273187 0.416896 0.081883 0.075371
0 0.376007 0.345048 0.070476 0.073789
0 0.601577 0.303142 0.100443 0.108834
0 0.677965 0.280377 0.080100 0.083553
0 0.802978 0.246145 0.100160 0.085275
0 0.443679 0.148211 0.097298 0.101285
0 0.266622 0.069302 0.068754 0.077828