0 0.160445 0.965271 0.085773 0.069458
0 0.034799 0.900182 0.069599 0.058137
0 0.855263 0.871748 0.102040 0.107001
0 0.169922 0.762788 0.078888 0.103749
0 0.299072 0.736281 0.047811 0.063654
0 0.874574 0.706778 0.110490 0.130534
0 0.692245 0.619967 0.130976 0.118145
0 0.147273 0.451882 0.088402 0.076224
0 0.894175 0.407515 0.052738 0.052914
0 0.970336 0.374857 0.059329 0.093433
0 0.747397 0.356253 0.102604 0.105422
0 0.586983 0.340116 0.085177 0.079349
0 0.967235 0.250056 0.065530 0.083201
0 0.695560 0.184681 0.063761 0.055806
0 0.689874 0.099221 0.095798 0.087460