0 0.582994 0.958199 0.099837 0.081462
0 0.355263 0.871748 0.102040 0.107001
0 0.767791 0.807395 0.102322 0.093902
0 0.374574 0.706778 0.110490 0.130534
0 0.644523 0.636063 0.122443 0.122431
0 0.192245 0.619967 0.130976 0.118145
0 0.394175 0.407515 0.052738 0.052914
0 0.483564 0.374857 0.085785 0.093433
0 0.247397 0.356253 0.102604 0.105422
0 0.086983 0.340116 0.085177 0.079349
0 0.472159 0.250056 0.075378 0.083201
0 0.195560 0.184681 0.063761 0.055806
0 0.189874 0.099221 0.095798 0.087460