0 0.498839 0.973908 0.071877 0.052184
0 0.211761 0.886677 0.069793 0.072676
0 0.951720 0.763181 0.048948 0.055797
0 0.285944 0.723098 0.083280 0.083486
0 0.159036 0.660038 0.082167 0.069233
0 0.832483 0.616053 0.054872 0.054551
0 0.951268 0.614932 0.086576 0.075565
0 0.841379 0.531541 0.046382 0.056063
0 0.945962 0.482968 0.097671 0.123582
0 0.179885 0.462099 0.060819 0.048289
0 0.091597 0.451908 0.074416 0.101985
0 0.257999 0.323748 0.068214 0.081830
0 0.074853 0.251503 0.043823 0.048783
0 0.828525 0.203523 0.076741 0.067505
0 0.622977 0.115413 0.080617 0.079571
0 0.952949 0.054765 0.048081 0.038903