0 0.818533 0.980721 0.093795 0.038559
0 0.404208 0.971680 0.091469 0.056640
0 0.635594 0.845078 0.107748 0.096689
0 0.736753 0.754384 0.069765 0.073307
0 0.529421 0.718110 0.076790 0.065431
0 0.212837 0.672380 0.063754 0.057687
0 0.547613 0.588112 0.110073 0.079280
0 0.564549 0.416636 0.123791 0.110516
0 0.296847 0.405562 0.076741 0.084435
0 0.758458 0.369905 0.094570 0.080306
0 0.465658 0.265919 0.068638 0.063333
0 0.112358 0.248593 0.089144 0.080506
0 0.670089 0.230376 0.083718 0.087274
0 0.258477 0.222237 0.097671 0.087160
0 0.973495 0.158833 0.053009 0.061486
0 0.075150 0.122629 0.075191 0.073755
0 0.315240 0.040436 0.113949 0.080872