0 0.893800 0.837611 0.062721 0.104829
0 0.267145 0.838401 0.164176 0.102023
0 0.056792 0.748115 0.113583 0.117320
0 0.731178 0.666339 0.066045 0.070281
0 0.733078 0.602618 0.057543 0.052395
0 0.840735 0.466348 0.084751 0.086897
0 0.642164 0.411673 0.075574 0.071315
0 0.907399 0.372812 0.102322 0.117223
0 0.104987 0.376340 0.122476 0.103531
0 0.086270 0.306668 0.069538 0.049636
0 0.656504 0.250053 0.072021 0.072090
0 0.652659 0.099384 0.069827 0.059112
0 0.936835 0.053868 0.121918 0.107736