0 0.249044 0.219351 0.089330 0.066231
0 0.712178 0.907134 0.106071 0.098188
0 0.545452 0.867729 0.085268 0.087224
0 0.731683 0.787315 0.077900 0.078178
0 0.526441 0.723506 0.106675 0.097840
0 0.577750 0.671356 0.067181 0.048518
0 0.574340 0.554508 0.083615 0.082827
0 0.761675 0.506488 0.119797 0.110813
0 0.439513 0.396820 0.157617 0.127064
0 0.352042 0.216570 0.131016 0.089999
0 0.722448 0.194633 0.098188 0.096755
0 0.544806 0.179130 0.107231 0.099345
0 0.368456 0.090632 0.100771 0.095508