0 0.589024 0.912004 0.072090 0.053664
0 0.895214 0.871309 0.155808 0.158745
0 0.656076 0.865107 0.096120 0.063205
0 0.977645 0.769763 0.044710 0.048630
0 0.340582 0.701663 0.094565 0.101775
0 0.864208 0.644574 0.087594 0.095527
0 0.701423 0.624033 0.095345 0.086790
0 0.405731 0.595895 0.079132 0.076277
0 0.643500 0.498830 0.066015 0.063459
0 0.543695 0.467998 0.060713 0.070009
0 0.715915 0.361162 0.144697 0.138380
0 0.868463 0.351790 0.081849 0.100114
0 0.393800 0.337611 0.062721 0.104829
0 0.704452 0.185990 0.080430 0.084778
0 0.231178 0.166339 0.066045 0.070281
0 0.643879 0.103189 0.120518 0.127953
0 0.233078 0.102618 0.057543 0.052395