0 0.197647 0.948559 0.072018 0.054173
0 0.423256 0.947957 0.047802 0.047801
0 0.952970 0.910820 0.076363 0.059960
0 0.189522 0.812843 0.094312 0.099163
0 0.720265 0.638195 0.115844 0.082814
0 0.182416 0.568668 0.069765 0.074376
0 0.675091 0.514621 0.068214 0.065675
0 0.857254 0.475475 0.089919 0.096155
0 0.956921 0.729340 0.086159 0.104073
0 0.953092 0.340597 0.093816 0.093794
0 0.189522 0.243747 0.065889 0.066604
0 0.759351 0.212696 0.082943 0.085374
0 0.600945 0.166989 0.101001 0.100049
0 0.912834 0.111538 0.087594 0.111405
0 0.748455 0.071334 0.050297 0.052919
0 0.432609 0.036067 0.075986 0.047498