0 0.273947 0.868626 0.074791 0.072682
0 0.919132 0.835540 0.073924 0.075415
0 0.767600 0.723799 0.065422 0.066395
0 0.173892 0.737974 0.058137 0.054261
0 0.805406 0.656090 0.097108 0.106679
0 0.597448 0.608822 0.040309 0.035141
0 0.726410 0.564757 0.068784 0.075616
0 0.707346 0.494967 0.098871 0.084420
0 0.491508 0.393845 0.109557 0.068271
0 0.835374 0.362450 0.090337 0.088107
0 0.434154 0.192116 0.078006 0.074772
0 0.925881 0.234830 0.107149 0.104388
0 0.513931 0.228276 0.103198 0.105750
0 0.754437 0.120207 0.078071 0.081650
0 0.645573 0.023607 0.068818 0.047214