0 0.128316 0.821740 0.064029 0.046409
0 0.713448 0.749383 0.094112 0.089197
0 0.115766 0.743279 0.067868 0.065190
0 0.560970 0.519780 0.137796 0.159166
0 0.805922 0.428311 0.078550 0.097215
0 0.537963 0.310353 0.068752 0.056577
0 0.818312 0.961431 0.095063 0.077138
0 0.479276 0.916342 0.098275 0.090916
0 0.186884 0.886942 0.065407 0.058989
0 0.918062 0.642255 0.087852 0.087251
0 0.653239 0.203803 0.084184 0.056389
0 0.451716 0.196184 0.098615 0.070089
0 0.400252 0.047966 0.063047 0.069642