0 0.840735 0.961450 0.084751 0.077101
0 0.642164 0.911673 0.075574 0.071315
0 0.907399 0.872812 0.102322 0.117223
0 0.104987 0.876340 0.122476 0.103531
0 0.086270 0.806668 0.069538 0.049636
0 0.051535 0.508112 0.103069 0.174381
0 0.656504 0.750053 0.072021 0.072090
0 0.652659 0.599384 0.069827 0.059112
0 0.936835 0.552350 0.121918 0.110773
0 0.673308 0.499621 0.070816 0.082831
0 0.723297 0.302786 0.117567 0.120046
0 0.324568 0.297354 0.105608 0.127374
0 0.505427 0.137858 0.102998 0.110693
0 0.703272 0.095431 0.126610 0.127538