0 0.320014 0.960595 0.079035 0.067954
0 0.362535 0.869127 0.078808 0.095089
0 0.066408 0.847549 0.132816 0.066659
0 0.968365 0.893845 0.063270 0.068271
0 0.410912 0.811435 0.069624 0.069361
0 0.206818 0.697252 0.087776 0.078712
0 0.934154 0.692116 0.078006 0.074772
0 0.118358 0.635933 0.096493 0.064597
0 0.257203 0.574415 0.067105 0.094007
0 0.197647 0.448559 0.072018 0.054173
0 0.423256 0.447957 0.047802 0.047801
0 0.952970 0.410820 0.076363 0.059960
0 0.189522 0.312843 0.094312 0.099163
0 0.720265 0.138195 0.115844 0.082814
0 0.182416 0.068668 0.069765 0.074376
0 0.675091 0.023729 0.068214 0.047458
0 0.956921 0.229340 0.086159 0.104073