0 0.394175 0.907515 0.052738 0.052914
0 0.483564 0.874857 0.085785 0.093433
0 0.247397 0.856253 0.102604 0.105422
0 0.086983 0.840116 0.085177 0.079349
0 0.472159 0.750056 0.075378 0.083201
0 0.195560 0.684681 0.063761 0.055806
0 0.189874 0.599221 0.095798 0.087460
0 0.233195 0.441018 0.085287 0.079050
0 0.086163 0.318292 0.117825 0.117578
0 0.769050 0.282218 0.105124 0.077847
0 0.058223 0.174552 0.116446 0.101939
0 0.254038 0.065384 0.091728 0.096193
0 0.976069 0.045371 0.047862 0.042375