0 0.401516 0.968769 0.103355 0.062461
0 0.985642 0.863281 0.028715 0.046282
0 0.195322 0.796452 0.081651 0.072676
0 0.916364 0.792339 0.121986 0.095603
0 0.079072 0.772765 0.068264 0.068382
0 0.269221 0.653306 0.059946 0.065573
0 0.740555 0.546406 0.081107 0.067433
0 0.198485 0.465149 0.083843 0.073278
0 0.657827 0.461193 0.073838 0.080462
0 0.744220 0.334264 0.066024 0.066904
0 0.972592 0.270040 0.054815 0.096072
0 0.101785 0.194412 0.084751 0.084613
0 0.736537 0.189706 0.081392 0.041342
0 0.850227 0.054053 0.083976 0.079680
0 0.701008 0.046302 0.046510 0.038758