0 0.892768 0.945548 0.104728 0.093576
0 0.584859 0.892878 0.076997 0.087457
0 0.529304 0.762849 0.071674 0.087851
0 0.390584 0.658248 0.086370 0.079501
0 0.788209 0.599333 0.080617 0.089790
0 0.541179 0.552884 0.070821 0.087713
0 0.370008 0.433062 0.113949 0.108982
0 0.430726 0.387386 0.026621 0.032674
0 0.363032 0.326090 0.048835 0.056048
0 0.110542 0.282365 0.128508 0.116676
0 0.318604 0.204129 0.091242 0.091981
0 0.555279 0.100058 0.094324 0.095715
0 0.364116 0.050399 0.037568 0.040323
0 0.263294 0.041109 0.133070 0.082217