0 0.945962 0.960588 0.097671 0.078823
0 0.179885 0.962099 0.060819 0.048289
0 0.091597 0.950457 0.074416 0.099085
0 0.257999 0.823748 0.068214 0.081830
0 0.074853 0.751503 0.043823 0.048783
0 0.828525 0.703523 0.076741 0.067505
0 0.622977 0.615413 0.080617 0.079571
0 0.952949 0.554765 0.048081 0.038903
0 0.722715 0.473301 0.114724 0.103511
0 0.088747 0.369489 0.070267 0.064564
0 0.921674 0.366845 0.086818 0.092899
0 0.598142 0.316255 0.070342 0.045582
0 0.040785 0.309704 0.059612 0.069021
0 0.499468 0.205096 0.075449 0.056733
0 0.614791 0.199317 0.082850 0.049423
0 0.029391 0.054273 0.058781 0.077389
0 0.676904 0.052952 0.049975 0.050218
0 0.629752 0.019829 0.083831 0.039658