0 0.874162 0.909801 0.130486 0.133024
0 0.699442 0.831375 0.052354 0.047274
0 0.968358 0.723073 0.063283 0.086473
0 0.796646 0.671439 0.089144 0.052969
0 0.608668 0.657874 0.095604 0.062711
0 0.742354 0.649505 0.058197 0.060778
0 0.099721 0.502205 0.089144 0.052077
0 0.820014 0.460595 0.079035 0.067954
0 0.862535 0.369127 0.078808 0.095089
0 0.556145 0.347549 0.153342 0.066659
0 0.158303 0.319904 0.126208 0.106954
0 0.910912 0.311435 0.069624 0.069361
0 0.706818 0.197252 0.087776 0.078712
0 0.618358 0.135933 0.096493 0.064597
0 0.757203 0.074415 0.067105 0.094007