0 0.340735 0.961450 0.084751 0.077101
0 0.142164 0.911673 0.075574 0.071315
0 0.626769 0.900957 0.147949 0.140055
0 0.407399 0.872812 0.102322 0.117223
0 0.156504 0.750053 0.072021 0.072090
0 0.152659 0.599384 0.069827 0.059112
0 0.436835 0.552350 0.121918 0.110773
0 0.544212 0.545366 0.049862 0.085954
0 0.173308 0.499621 0.070816 0.082831
0 0.528195 0.386115 0.138238 0.150855
0 0.223297 0.302786 0.117567 0.120046
0 0.028463 0.137858 0.056926 0.110693
0 0.203272 0.095431 0.126610 0.127538
0 0.899721 0.074224 0.106684 0.101276