0 0.262744 0.945606 0.067817 0.063749
0 0.101100 0.775164 0.095936 0.097010
0 0.236407 0.768631 0.068887 0.063272
0 0.185409 0.683357 0.068179 0.053957
0 0.136103 0.587525 0.081191 0.083473
0 0.037997 0.498329 0.075994 0.099386
0 0.817271 0.681099 0.098702 0.075710
0 0.546510 0.627951 0.107031 0.081038
0 0.533820 0.573996 0.083718 0.082192
0 0.681835 0.373628 0.065548 0.045755
0 0.687258 0.197141 0.072259 0.060723
0 0.579989 0.125018 0.066498 0.046705
0 0.466122 0.045854 0.072349 0.064135
0 0.028169 0.339921 0.056337 0.061627