0 0.685517 0.876904 0.107489 0.114824
0 0.345478 0.813858 0.078550 0.060938
0 0.633839 0.775616 0.072349 0.058315
0 0.579136 0.640379 0.101438 0.107802
0 0.234321 0.546646 0.042477 0.046430
0 0.532054 0.538712 0.075488 0.073971
0 0.390438 0.517747 0.038241 0.029973
0 0.210519 0.402723 0.063207 0.064513
0 0.465370 0.349279 0.084751 0.075070
0 0.581181 0.293012 0.057985 0.060069
0 0.510847 0.234555 0.078550 0.059065
0 0.251111 0.213209 0.061385 0.055495
0 0.101560 0.151872 0.097006 0.063046
0 0.956399 0.038972 0.087203 0.077943
0 0.430229 0.036403 0.094911 0.072805