0 0.872445 0.812603 0.079470 0.061854
0 0.185517 0.876904 0.107489 0.114824
0 0.133839 0.775616 0.072349 0.058315
0 0.707392 0.761005 0.031007 0.047090
0 0.079136 0.640379 0.101438 0.107802
0 0.034899 0.538712 0.069798 0.073971
0 0.929654 0.462649 0.077483 0.091974
0 0.936255 0.219796 0.111357 0.119481
0 0.081181 0.293012 0.057985 0.060069
0 0.590665 0.251294 0.079584 0.068214
0 0.025061 0.234555 0.050122 0.059065
0 0.459953 0.038972 0.094312 0.077943
0 0.836554 0.087025 0.077516 0.075780