0 0.891164 0.966268 0.096120 0.067464
0 0.160561 0.899431 0.093170 0.086195
0 0.687016 0.844271 0.084794 0.065320
0 0.833285 0.759417 0.099456 0.067180
0 0.082395 0.743909 0.086403 0.092966
0 0.602740 0.615296 0.085659 0.084867
0 0.959793 0.583198 0.080413 0.128212
0 0.801245 0.476742 0.110590 0.109336
0 0.626678 0.409047 0.062840 0.050647
0 0.746519 0.276712 0.085889 0.083639
0 0.015981 0.248109 0.031961 0.054295
0 0.869460 0.223007 0.091986 0.084569
0 0.634498 0.142989 0.076827 0.074578
0 0.760937 0.072626 0.083718 0.071088