0 0.207346 0.976379 0.098871 0.047243
0 0.335374 0.862450 0.090337 0.088107
0 0.911454 0.756542 0.077616 0.079659
0 0.425881 0.734830 0.107149 0.104388
0 0.032765 0.728276 0.065530 0.105750
0 0.802882 0.639197 0.067181 0.069764
0 0.254437 0.620207 0.078071 0.081650
0 0.145573 0.501235 0.068818 0.091959
0 0.834534 0.471891 0.094312 0.094067
0 0.087044 0.420523 0.075112 0.052494
0 0.842932 0.207820 0.056587 0.056359
0 0.031484 0.158149 0.062969 0.057609
0 0.122988 0.114864 0.064818 0.071811
0 0.859635 0.091687 0.048135 0.048341
0 0.684800 0.078963 0.082945 0.078705