0 0.568665 0.969515 0.073382 0.060970
0 0.655457 0.969259 0.060927 0.061482
0 0.953208 0.865056 0.093583 0.114936
0 0.857840 0.794881 0.066147 0.112656
0 0.844162 0.606107 0.047060 0.055507
0 0.737948 0.564917 0.105422 0.076934
0 0.052041 0.557140 0.104083 0.102628
0 0.097882 0.500295 0.084751 0.071747
0 0.587566 0.364926 0.098188 0.076074
0 0.959410 0.319206 0.081180 0.064624
0 0.589076 0.180677 0.062347 0.081715
0 0.411012 0.042208 0.074164 0.061094
0 0.830244 0.040083 0.098396 0.063046