0 0.854823 0.801675 0.068040 0.055638
0 0.793027 0.760937 0.055553 0.057012
0 0.964017 0.715464 0.071966 0.105428
0 0.392768 0.945548 0.104728 0.093576
0 0.084859 0.892878 0.076997 0.087457
0 0.032571 0.762849 0.065141 0.087851
0 0.288209 0.599333 0.080617 0.089790
0 0.041179 0.552884 0.070821 0.087713
0 0.737473 0.621408 0.071057 0.070085
0 0.955732 0.364374 0.076067 0.075053
0 0.818644 0.354964 0.075782 0.051066
0 0.673422 0.319339 0.098388 0.114175
0 0.055279 0.100058 0.094324 0.095715
0 0.796902 0.189903 0.127902 0.127007
0 0.601819 0.172462 0.099479 0.099479
0 0.567796 0.023522 0.069339 0.047043