0 0.391164 0.966268 0.096120 0.067464
0 0.578547 0.885613 0.074002 0.073588
0 0.187016 0.844271 0.084794 0.065320
0 0.333285 0.759417 0.099456 0.067180
0 0.102740 0.615296 0.085659 0.084867
0 0.482117 0.583198 0.125060 0.128212
0 0.301245 0.476742 0.110590 0.109336
0 0.126678 0.409047 0.062840 0.050647
0 0.246519 0.276712 0.085889 0.083639
0 0.963069 0.233885 0.073863 0.073640
0 0.369460 0.223007 0.091986 0.084569
0 0.134498 0.142989 0.076827 0.074578
0 0.260937 0.072626 0.083718 0.071088