0 0.360649 0.980843 0.035684 0.038314
0 0.852939 0.944073 0.068672 0.046609
0 0.929839 0.873096 0.096896 0.082048
0 0.200102 0.865538 0.060089 0.061353
0 0.663958 0.773553 0.045218 0.043906
0 0.016497 0.905260 0.032995 0.042610
0 0.073417 0.783852 0.061245 0.076353
0 0.283374 0.723825 0.061006 0.061722
0 0.819960 0.707987 0.049740 0.042670
0 0.235300 0.671777 0.038065 0.046510
0 0.846350 0.591244 0.079265 0.070117
0 0.739635 0.468096 0.076423 0.073163
0 0.144620 0.426325 0.091496 0.115787
0 0.848184 0.405880 0.088101 0.083092
0 0.702070 0.405029 0.054262 0.050208
0 0.950380 0.328317 0.049608 0.046825
0 0.928230 0.172435 0.080241 0.080006
0 0.777003 0.130171 0.111107 0.095789
0 0.575956 0.112780 0.074634 0.069218
0 0.434498 0.110800 0.073361 0.078178
0 0.656852 0.029154 0.067181 0.058308