0 0.310715 0.879024 0.105939 0.074392
0 0.941864 0.786576 0.116271 0.139787
0 0.162142 0.598675 0.067181 0.057914
0 0.114537 0.517118 0.064991 0.068142
0 0.275833 0.355792 0.118859 0.133982
0 0.402443 0.574774 0.118859 0.147711
0 0.884705 0.556451 0.060061 0.073318
0 0.808150 0.411269 0.109732 0.111106
0 0.972225 0.353006 0.055550 0.103102
0 0.665472 0.226303 0.087688 0.087411
0 0.899794 0.111414 0.071148 0.063050
0 0.966993 0.049246 0.066015 0.098493
0 0.105270 0.052796 0.120151 0.105592
0 0.636079 0.041337 0.074902 0.074827