0 0.419132 0.835540 0.073924 0.075415
0 0.267600 0.723799 0.065422 0.066395
0 0.305406 0.656090 0.097108 0.106679
0 0.097448 0.608822 0.040309 0.035141
0 0.226410 0.564757 0.068784 0.075616
0 0.207346 0.494967 0.098871 0.084420
0 0.335374 0.362450 0.090337 0.088107
0 0.911454 0.256542 0.077616 0.079659
0 0.425881 0.234830 0.107149 0.104388
0 0.032765 0.228276 0.065530 0.105750
0 0.802882 0.139197 0.067181 0.069764
0 0.254437 0.120207 0.078071 0.081650
0 0.145573 0.023607 0.068818 0.047214