0 0.530355 0.955813 0.082684 0.086462
0 0.852049 0.925453 0.085268 0.047749
0 0.703863 0.900131 0.111882 0.116015
0 0.378556 0.799999 0.050379 0.050114
0 0.811041 0.682491 0.095497 0.094929
0 0.289429 0.561547 0.071791 0.080422
0 0.541725 0.514231 0.104647 0.114982
0 0.676086 0.503895 0.089144 0.090694
0 0.419132 0.335540 0.073924 0.075415
0 0.267600 0.223799 0.065422 0.066395
0 0.305406 0.156090 0.097108 0.106679
0 0.097448 0.108822 0.040309 0.035141
0 0.226410 0.064757 0.068784 0.075616