0 0.352939 0.944073 0.068672 0.046609
0 0.624746 0.878485 0.074321 0.075115
0 0.429839 0.873096 0.096896 0.082048
0 0.163958 0.773553 0.045218 0.043906
0 0.319960 0.707987 0.049740 0.042670
0 0.538724 0.634351 0.085475 0.080108
0 0.346350 0.591244 0.079265 0.070117
0 0.239635 0.468096 0.076423 0.073163
0 0.348184 0.405880 0.088101 0.083092
0 0.202070 0.405029 0.054262 0.050208
0 0.450380 0.328317 0.049608 0.046825
0 0.428230 0.172435 0.080241 0.080006
0 0.277003 0.130171 0.111107 0.095789
0 0.075956 0.112780 0.074634 0.069218
0 0.156852 0.029154 0.067181 0.058308