0 0.147273 0.951882 0.088402 0.076224
0 0.894175 0.907515 0.052738 0.052914
0 0.970336 0.874857 0.059329 0.093433
0 0.747397 0.856253 0.102604 0.105422
0 0.586983 0.840116 0.085177 0.079349
0 0.967235 0.750056 0.065530 0.083201
0 0.695560 0.684681 0.063761 0.055806
0 0.689874 0.599221 0.095798 0.087460
0 0.733195 0.441018 0.085287 0.079050
0 0.331924 0.384973 0.099190 0.097187
0 0.586163 0.318292 0.117825 0.117578
0 0.385731 0.253466 0.081185 0.084189
0 0.555725 0.174552 0.121442 0.101939
0 0.425885 0.068614 0.138238 0.083976
0 0.754038 0.065384 0.091728 0.096193