0 0.503765 0.944785 0.096022 0.069660
0 0.832355 0.931272 0.096896 0.084566
0 0.452202 0.786576 0.136946 0.139787
0 0.597286 0.701437 0.104130 0.122992
0 0.656864 0.620812 0.088924 0.096102
0 0.525196 0.568239 0.094312 0.088987
0 0.384705 0.556451 0.060061 0.073318
0 0.308150 0.411269 0.109732 0.111106
0 0.497636 0.353006 0.106372 0.103102
0 0.165472 0.226303 0.087688 0.087411
0 0.399794 0.111414 0.071148 0.063050
0 0.482045 0.049246 0.096120 0.098493
0 0.136079 0.041337 0.074902 0.074827