0 0.900214 0.940107 0.043409 0.050850
0 0.344594 0.917068 0.103355 0.080936
0 0.789107 0.843988 0.112657 0.074578
0 0.471204 0.768237 0.094053 0.085874
0 0.341493 0.683487 0.121959 0.133305
0 0.970261 0.628193 0.059477 0.099653
0 0.262744 0.445606 0.067817 0.063749
0 0.101100 0.275164 0.095936 0.097010
0 0.236407 0.268631 0.068887 0.063272
0 0.139623 0.866736 0.061359 0.062636
0 0.083105 0.700023 0.074416 0.063711
0 0.185409 0.183357 0.068179 0.053957
0 0.136103 0.087525 0.081191 0.083473
0 0.700840 0.607663 0.109759 0.095800
0 0.817271 0.181099 0.098702 0.075710
0 0.546510 0.127951 0.107031 0.081038
0 0.533820 0.073996 0.083718 0.082192