0 0.527872 0.974318 0.096244 0.051364
0 0.409468 0.888690 0.064080 0.063187
0 0.128316 0.321740 0.064029 0.046409
0 0.713448 0.249383 0.094112 0.089197
0 0.115766 0.243279 0.067868 0.065190
0 0.560970 0.049681 0.137796 0.099363
0 0.964974 0.545854 0.070052 0.064135
0 0.524761 0.839921 0.063151 0.061627
0 0.424480 0.756192 0.094103 0.096745
0 0.199788 0.529365 0.089148 0.075113
0 0.818312 0.471521 0.095063 0.097317
0 0.479276 0.416342 0.098275 0.090916
0 0.186884 0.386942 0.065407 0.058989
0 0.918062 0.142255 0.087852 0.087251