0 0.051567 0.891452 0.103133 0.062167
0 0.025986 0.748745 0.051973 0.090041
0 0.890584 0.658248 0.086370 0.079501
0 0.236462 0.589063 0.136429 0.121953
0 0.870008 0.433062 0.113949 0.108982
0 0.930726 0.387386 0.026621 0.032674
0 0.863032 0.326090 0.048835 0.056048
0 0.610542 0.282365 0.128508 0.116676
0 0.818604 0.204129 0.091242 0.091981
0 0.079543 0.200730 0.073745 0.041902
0 0.864116 0.050399 0.037568 0.040323
0 0.038713 0.046200 0.077426 0.080115
0 0.763294 0.041109 0.133070 0.082217