0 0.370008 0.933062 0.113949 0.108982
0 0.430726 0.887386 0.026621 0.032674
0 0.363032 0.826090 0.048835 0.056048
0 0.110542 0.782365 0.128508 0.116676
0 0.318604 0.704129 0.091242 0.091981
0 0.555279 0.600058 0.094324 0.095715
0 0.364116 0.550399 0.037568 0.040323
0 0.263294 0.524424 0.133070 0.115587
0 0.095178 0.390674 0.087852 0.072903
0 0.975262 0.328568 0.049476 0.059077
0 0.040201 0.330677 0.080403 0.078447
0 0.935517 0.169069 0.093984 0.095102
0 0.375823 0.140645 0.072420 0.072526
0 0.221419 0.013883 0.060685 0.027765