0 0.594271 0.977287 0.088840 0.045425
0 0.931689 0.854003 0.055520 0.055349
0 0.795602 0.834723 0.077908 0.078801
0 0.460855 0.824086 0.067305 0.067863
0 0.597533 0.758557 0.084855 0.086668
0 0.872716 0.672756 0.069353 0.062346
0 0.377988 0.603438 0.066940 0.063240
0 0.719264 0.539367 0.090601 0.066875
0 0.685498 0.411753 0.064411 0.051946
0 0.358437 0.383066 0.097601 0.077256
0 0.575776 0.264338 0.098188 0.087038
0 0.683938 0.226976 0.112969 0.093227
0 0.272753 0.145086 0.081266 0.068975
0 0.566323 0.042523 0.083504 0.078309
0 0.326317 0.032414 0.066952 0.055507