0 0.030995 0.776979 0.061990 0.079906
0 0.698431 0.944840 0.077325 0.083376
0 0.866546 0.780677 0.094570 0.101144
0 0.684382 0.637273 0.077516 0.062301
0 0.745070 0.565990 0.050060 0.066726
0 0.522570 0.565897 0.063959 0.054138
0 0.740194 0.451235 0.102322 0.074873
0 0.909824 0.441279 0.058263 0.060835
0 0.483421 0.394713 0.089144 0.073136
0 0.030995 0.457872 0.061990 0.103604
0 0.654090 0.372469 0.042901 0.049823
0 0.662140 0.273132 0.108094 0.101785
0 0.359394 0.247432 0.068473 0.047801
0 0.355628 0.142584 0.081698 0.100108
0 0.604878 0.119399 0.078923 0.074410
0 0.661666 0.049896 0.076225 0.086535