0 0.780619 0.970199 0.079722 0.059601
0 0.082994 0.958199 0.099837 0.081462
0 0.932732 0.862160 0.071300 0.073487
0 0.267791 0.807395 0.102322 0.093902
0 0.722481 0.769732 0.074554 0.064333
0 0.144523 0.636063 0.122443 0.122431
0 0.657315 0.489159 0.065148 0.065436
0 0.748768 0.380475 0.090309 0.065113
0 0.596835 0.346885 0.072349 0.043409
0 0.764271 0.236813 0.147778 0.127126
0 0.930027 0.727876 0.123178 0.109814
0 0.900700 0.491582 0.138496 0.125970
0 0.821755 0.089094 0.083962 0.096276