0 0.318533 0.980721 0.093795 0.038559
0 0.916741 0.672252 0.114724 0.093441
0 0.135594 0.845078 0.107748 0.096689
0 0.236753 0.754384 0.069765 0.073307
0 0.033908 0.718110 0.067817 0.065431
0 0.051325 0.588112 0.102650 0.079280
0 0.064549 0.416636 0.123791 0.110516
0 0.258458 0.369905 0.094570 0.080306
0 0.837008 0.456854 0.079286 0.078742
0 0.831369 0.111243 0.105216 0.088265
0 0.170089 0.230376 0.083718 0.087274
0 0.575751 0.195712 0.119024 0.118708
0 0.478458 0.158833 0.062934 0.061486
0 0.642849 0.134291 0.077516 0.076379