0 0.902973 0.902131 0.137582 0.136945
0 0.020509 0.773128 0.041019 0.079307
0 0.268004 0.766810 0.046751 0.058677
0 0.845391 0.739934 0.083796 0.073520
0 0.075126 0.628949 0.078550 0.074669
0 0.780171 0.614137 0.075068 0.041556
0 0.961822 0.480744 0.076356 0.102921
0 0.187990 0.444357 0.068628 0.069041
0 0.876488 0.367917 0.117567 0.084249
0 0.554902 0.054624 0.122561 0.073640
0 0.200896 0.039807 0.052409 0.050809
0 0.728022 0.033885 0.136946 0.067771
0 0.953615 0.021658 0.076522 0.043316