0 0.300238 0.954377 0.077827 0.081894
0 0.588747 0.869489 0.070267 0.064564
0 0.540785 0.809704 0.059612 0.069021
0 0.327975 0.752353 0.062915 0.044754
0 0.980872 0.705096 0.038257 0.056733
0 0.244840 0.665379 0.087852 0.059267
0 0.518731 0.554273 0.080100 0.077389
0 0.189894 0.503301 0.078732 0.073758
0 0.134306 0.419160 0.086705 0.057924
0 0.979321 0.366609 0.041358 0.046289
0 0.254160 0.304392 0.062567 0.066105
0 0.874338 0.295402 0.042514 0.051892
0 0.837267 0.136024 0.042241 0.041133
0 0.925052 0.025143 0.091986 0.050287