0 0.717567 0.874087 0.060218 0.070731
0 0.602190 0.820635 0.095604 0.077593
0 0.330408 0.720287 0.092072 0.073193
0 0.624297 0.576276 0.059717 0.059061
0 0.501905 0.505008 0.086241 0.089645
0 0.374162 0.409801 0.130486 0.133024
0 0.773947 0.368626 0.074791 0.072682
0 0.199442 0.331375 0.052354 0.047274
0 0.673892 0.237974 0.058137 0.054261
0 0.476819 0.223073 0.080205 0.086473
0 0.296646 0.171439 0.089144 0.052969
0 0.108668 0.157874 0.095604 0.062711
0 0.242354 0.149505 0.058197 0.060778