0 0.805365 0.924627 0.070540 0.062383
0 0.292425 0.857359 0.115938 0.084989
0 0.286780 0.697945 0.135654 0.118634
0 0.417357 0.455820 0.091910 0.106164
0 0.100094 0.429869 0.038758 0.048185
0 0.362285 0.241418 0.134215 0.170878
0 0.101377 0.226864 0.061994 0.069420
0 0.578416 0.856742 0.085876 0.091507
0 0.617516 0.658541 0.081392 0.074415
0 0.484595 0.279272 0.058434 0.052795
0 0.458527 0.096739 0.056587 0.062788
0 0.385679 0.032353 0.071092 0.064706
0 0.058660 0.024386 0.089425 0.048772