0 0.611723 0.962448 0.103453 0.075103
0 0.038648 0.959864 0.077295 0.080271
0 0.356887 0.882907 0.116757 0.085523
0 0.705340 0.866760 0.089144 0.086720
0 0.960179 0.797030 0.079642 0.097547
0 0.030560 0.693899 0.058913 0.052711
0 0.232074 0.620063 0.069707 0.067822
0 0.318533 0.496234 0.093795 0.069585
0 0.916741 0.172252 0.114724 0.093441
0 0.135594 0.345078 0.107748 0.096689
0 0.236753 0.254384 0.069765 0.073307
0 0.033908 0.218110 0.067817 0.065431
0 0.051325 0.088112 0.102650 0.079280