0 0.967653 0.488611 0.064693 0.071210
0 0.383729 0.454435 0.053253 0.050966
0 0.124231 0.399561 0.109169 0.093127
0 0.941247 0.375920 0.067693 0.064940
0 0.258017 0.242703 0.058765 0.059006
0 0.239635 0.965757 0.076423 0.068486
0 0.348184 0.905880 0.088101 0.083092
0 0.202070 0.905029 0.054262 0.050208
0 0.450380 0.828317 0.049608 0.046825
0 0.428230 0.672435 0.080241 0.080006
0 0.277003 0.630171 0.111107 0.095789
0 0.075956 0.612780 0.074634 0.069218
0 0.156852 0.525847 0.067181 0.064922
0 0.232713 0.180551 0.072913 0.078107
0 0.856993 0.179358 0.062485 0.065663
0 0.139346 0.034262 0.077386 0.062003